3.99654
3.00441
3.99596
2.99151
4.99199
1.06778
4.99152
4.99002
5
3.00143
4.9977
4.98525
4.98918
3.00204
1.02332
3.00463
3.99056
3.00612
3.99548
2.97256
1.04966
2.00367
3.00407
2.95359
3.00204
3.00634
3.00675
4.00373
4.00365
3.9964
2.01217
3.99688
3.99535
3.99499
5
3.99013
1.01902
4.99453
4.00012
3.99282
4.99793
3.99686
3.99743
4.99481
2.02614
3.99815
3.01894
4.99184
4.9851
3.99263
3.9955
4.9966
3.99307
2.00904
3.00084
3.99272
1.03634
2.00919
2.99415
3.99713
1.05457
4.00004
4.98986
3.00097
3.00696
2.07775
3.00564
3.99782
3.01057
4.00842
4.00074
3.99656
2.02152
4.00024
3.99648
3.00598
3.00573
2.02872
3.99575
2.00319
3.00368
3.99896
4.99452
4.99745
2.99913
3.00962
3.00266
4.9962
4.0079
4.99161
4.99138
4.99875
3.00562
3.0024
4.99493
3.99797
4.99399
5
3.02093
3.99532
3.99102
3.00763
4.99233
2.00276
1.03335
3.00748
4.99103
1.02541
3.01018
4.99556
3.00193
3.0006
3.99982
3.99664
3.00253
4.99785
3.99604
4.9933
3.00836
3.99532
3.00603
3.01083
4.99506
3.00174
3.99887
3.99362
3.00389
2.01411
3.00263
3.00396
4.99382
4.99509
2.00744
3.99662
1.97556
3.99216
4.00108
3.99027
4.99237
2.02013
4.99057
3.99067
3.99443
4.99742
3.99428
4.99622
3.00325
3.99723
2.99886
4.99199
3.99067
4.00405
2.00663
2.9984
3.99361
5
1.01926
4.99011
3.9947
3.9997
4.998
3.99003
3.98851
3.99261
2.01557
3.00035
2.00557
3.00176
2.99797
4.99636
1.01938
2.99798
2.00435
3.99685
2.01511
2.01212
2.01502
4.99309
3.99086
4.99574
2.02362
3.99688
4.99725
3.00137
4.98967
3.99649
3.99919
4.98793
3.99461
4.9914
4.98959
2.02105
3.00688
3.99461
3.99383
3.00388
3.00403
2.99778
3.99414
3.00071
